250 150 70 RESULTS 0LEP 7 0 0 RESULTS 1LEP 126 90 154 4 0 347 8 1 RESULTS 2LEP 3 1 1 0 3 0 0 0 RESULTS 2B 24 7 5 2 0 0 0
250 150 75 RESULTS 0LEP 6 1 0 RESULTS 1LEP 112 68 136 6 0 344 4 2 RESULTS 2LEP 2 0 0 0 1 0 0 0 RESULTS 2B 24 9 5 0 0 0 0
275 150 75 RESULTS 0LEP 12 2 1 RESULTS 1LEP 158 134 294 12 1 633 27 5 RESULTS 2LEP 7 1 0 0 0 0 0 0 RESULTS 2B 68 10 18 4 0 0 0
300 120 100 RESULTS 0LEP 22 2 1 RESULTS 1LEP 112 116 362 37 3 1050 61 10 RESULTS 2LEP 0 0 0 0 0 0 0 0 RESULTS 2B 290 43 93 10 0 0 0
300 150 100 RESULTS 0LEP 23 4 1 RESULTS 1LEP 152 122 356 20 5 845 44 4 RESULTS 2LEP 2 0 0 0 1 0 0 0 RESULTS 2B 143 26 36 6 1 1 0
300 150 120 RESULTS 0LEP 8 3 1 RESULTS 1LEP 102 108 250 20 8 729 32 1 RESULTS 2LEP 0 0 0 0 1 0 0 0 RESULTS 2B 112 34 27 6 1 0 0
350 150 75 RESULTS 0LEP 83 10 5 RESULTS 1LEP 148 212 886 68 10 2042 276 64 RESULTS 2LEP 22 10 7 5 2 1 1 1 RESULTS 2B 346 39 162 69 16 1 1
350 150 100 RESULTS 0LEP 76 10 1 RESULTS 1LEP 138 140 670 61 10 1706 228 41 RESULTS 2LEP 8 0 1 1 5 2 1 1 RESULTS 2B 383 43 190 64 10 0 0
350 170 150 RESULTS 0LEP 39 9 4 RESULTS 1LEP 78 96 368 46 8 1334 116 20 RESULTS 2LEP 0 0 0 0 0 0 0 0 RESULTS 2B 392 64 159 32 10 5 1
400 120 100 RESULTS 0LEP 113 36 22 RESULTS 1LEP 52 64 590 120 42 2523 578 193 RESULTS 2LEP 7 4 2 1 1 1 0 0 RESULTS 2B 824 165 515 309 122 27 6
400 150 100 RESULTS 0LEP 148 32 9 RESULTS 1LEP 62 126 854 95 31 2513 514 165 RESULTS 2LEP 14 6 3 2 5 3 1 1 RESULTS 2B 544 80 326 165 66 13 3
400 150 120 RESULTS 0LEP 121 26 14 RESULTS 1LEP 66 94 702 130 31 2348 486 152 RESULTS 2LEP 6 3 1 1 2 0 0 0 RESULTS 2B 778 113 442 254 89 15 6
400 150 140 RESULTS 0LEP 90 35 19 RESULTS 1LEP 36 64 514 108 32 2375 434 122 RESULTS 2LEP 0 0 0 0 2 1 1 1 RESULTS 2B 929 273 548 300 100 15 1
400 170 150 RESULTS 0LEP 95 29 17 RESULTS 1LEP 42 74 570 115 32 2147 373 97 RESULTS 2LEP 4 1 1 0 2 1 2 0 RESULTS 2B 801 156 432 196 52 8 3
400 220 200 RESULTS 0LEP 51 13 7 RESULTS 1LEP 52 72 456 66 15 1548 155 26 RESULTS 2LEP 0 0 0 0 0 0 0 0 RESULTS 2B 511 104 220 75 10 1 0
450 150 100 RESULTS 0LEP 248 86 40 RESULTS 1LEP 62 82 880 146 55 3174 799 366 RESULTS 2LEP 35 17 12 7 7 5 3 2 RESULTS 2B 632 110 447 303 150 48 7
450 170 150 RESULTS 0LEP 140 59 33 RESULTS 1LEP 48 86 660 140 51 2823 712 295 RESULTS 2LEP 4 3 4 3 4 2 2 0 RESULTS 2B 1023 239 671 418 193 57 12
450 220 200 RESULTS 0LEP 105 37 18 RESULTS 1LEP 66 86 528 103 29 2444 473 134 RESULTS 2LEP 3 1 2 1 1 0 0 0 RESULTS 2B 895 235 518 279 76 15 4
450 270 250 RESULTS 0LEP 74 22 11 RESULTS 1LEP 60 106 504 73 11 1683 150 23 RESULTS 2LEP 1 1 0 0 0 0 0 0 RESULTS 2B 601 145 273 87 12 3 1
500 120 100 RESULTS 0LEP 188 103 78 RESULTS 1LEP 28 42 736 139 77 3619 1115 628 RESULTS 2LEP 14 7 5 3 5 3 3 3 RESULTS 2B 1030 241 780 610 379 201 93
500 150 75 RESULTS 0LEP 331 148 79 RESULTS 1LEP 54 122 1458 204 105 4272 1132 609 RESULTS 2LEP 68 47 43 31 6 3 3 3 RESULTS 2B 424 104 313 241 164 81 31
500 150 100 RESULTS 0LEP 255 118 64 RESULTS 1LEP 56 106 1070 178 90 3940 1097 553 RESULTS 2LEP 40 25 20 9 7 5 4 2 RESULTS 2B 632 149 456 330 223 124 49
500 150 120 RESULTS 0LEP 205 112 66 RESULTS 1LEP 36 54 810 142 77 3530 1032 571 RESULTS 2LEP 27 16 12 6 7 2 2 1 RESULTS 2B 913 219 694 524 313 167 65
500 150 140 RESULTS 0LEP 179 109 78 RESULTS 1LEP 26 38 568 148 77 3478 1010 533 RESULTS 2LEP 8 4 5 3 0 0 0 0 RESULTS 2B 1335 462 992 725 429 210 72
500 170 150 RESULTS 0LEP 207 114 67 RESULTS 1LEP 34 48 678 151 67 3298 948 476 RESULTS 2LEP 11 5 4 3 4 3 2 2 RESULTS 2B 1158 326 861 625 370 165 63
500 220 200 RESULTS 0LEP 153 85 44 RESULTS 1LEP 30 52 642 153 51 3013 765 340 RESULTS 2LEP 10 5 1 1 2 1 1 0 RESULTS 2B 1154 326 804 527 283 123 17
500 270 250 RESULTS 0LEP 133 51 22 RESULTS 1LEP 48 92 566 115 28 2589 520 156 RESULTS 2LEP 2 0 0 0 2 1 0 0 RESULTS 2B 973 282 610 347 128 26 6
500 320 300 RESULTS 0LEP 68 24 12 RESULTS 1LEP 38 64 482 76 13 1842 204 42 RESULTS 2LEP 4 1 1 1 2 0 0 0 RESULTS 2B 611 161 242 77 7 1 0
550 120 100 RESULTS 0LEP 206 149 110 RESULTS 1LEP 28 48 794 159 88 4016 1272 769 RESULTS 2LEP 23 17 14 9 5 4 2 1 RESULTS 2B 1036 278 824 654 474 294 149
550 150 100 RESULTS 0LEP 287 174 115 RESULTS 1LEP 42 80 1208 194 111 4325 1332 789 RESULTS 2LEP 55 33 37 26 10 6 3 2 RESULTS 2B 610 138 477 391 275 172 82
550 170 150 RESULTS 0LEP 218 146 100 RESULTS 1LEP 38 26 674 165 81 3837 1211 719 RESULTS 2LEP 16 7 5 3 4 2 0 0 RESULTS 2B 1195 373 945 739 503 312 154
550 220 200 RESULTS 0LEP 197 127 84 RESULTS 1LEP 30 40 636 158 77 3617 1124 590 RESULTS 2LEP 17 9 7 2 2 0 1 1 RESULTS 2B 1256 376 945 706 473 251 110
550 270 250 RESULTS 0LEP 191 112 70 RESULTS 1LEP 32 52 664 160 68 3229 870 383 RESULTS 2LEP 7 5 5 2 3 1 1 0 RESULTS 2B 1180 398 842 589 319 125 32
550 320 300 RESULTS 0LEP 115 56 24 RESULTS 1LEP 48 40 588 120 41 2831 641 202 RESULTS 2LEP 11 7 5 1 3 1 1 0 RESULTS 2B 1077 330 650 363 133 30 10
550 370 350 RESULTS 0LEP 84 36 18 RESULTS 1LEP 40 108 508 81 27 1976 237 51 RESULTS 2LEP 0 0 0 0 1 1 0 0 RESULTS 2B 699 210 308 104 18 6 3
600 120 100 RESULTS 0LEP 225 150 120 RESULTS 1LEP 20 30 728 162 98 4410 1542 1018 RESULTS 2LEP 20 10 13 10 6 4 1 1 RESULTS 2B 944 273 801 665 510 367 236
600 150 75 RESULTS 0LEP 352 207 144 RESULTS 1LEP 48 102 1806 320 206 5183 1685 1115 RESULTS 2LEP 72 52 47 43 25 17 12 8 RESULTS 2B 362 150 309 250 175 134 77
600 150 100 RESULTS 0LEP 291 187 134 RESULTS 1LEP 30 76 1274 236 154 4898 1667 1083 RESULTS 2LEP 58 37 39 31 7 5 3 2 RESULTS 2B 640 159 525 434 330 224 152
600 150 120 RESULTS 0LEP 233 156 114 RESULTS 1LEP 38 54 868 179 89 4607 1540 986 RESULTS 2LEP 47 31 28 25 9 5 2 1 RESULTS 2B 898 250 747 628 470 327 191
600 150 140 RESULTS 0LEP 204 145 112 RESULTS 1LEP 10 22 556 163 98 4162 1496 968 RESULTS 2LEP 10 5 3 3 5 2 1 1 RESULTS 2B 1393 547 1160 959 718 506 306
600 170 150 RESULTS 0LEP 230 156 124 RESULTS 1LEP 22 48 644 156 101 4234 1509 929 RESULTS 2LEP 31 16 16 10 6 3 2 0 RESULTS 2B 1151 389 977 810 609 399 240
600 220 200 RESULTS 0LEP 208 158 124 RESULTS 1LEP 22 24 584 168 86 4093 1331 803 RESULTS 2LEP 18 12 8 6 10 5 5 2 RESULTS 2B 1308 396 1041 810 598 384 217
600 270 250 RESULTS 0LEP 179 123 84 RESULTS 1LEP 18 62 652 186 100 3738 1188 662 RESULTS 2LEP 14 7 5 2 10 2 5 3 RESULTS 2B 1307 458 987 767 485 257 109
600 320 300 RESULTS 0LEP 192 107 60 RESULTS 1LEP 24 48 624 146 51 3369 970 473 RESULTS 2LEP 10 3 1 1 8 5 3 2 RESULTS 2B 1226 406 897 652 383 173 61
600 370 350 RESULTS 0LEP 153 80 38 RESULTS 1LEP 34 46 642 140 32 2805 646 236 RESULTS 2LEP 6 2 0 0 9 2 2 0 RESULTS 2B 1046 353 634 385 169 44 12
600 420 400 RESULTS 0LEP 95 44 23 RESULTS 1LEP 46 76 550 106 28 2057 252 58 RESULTS 2LEP 6 2 1 0 1 0 0 0 RESULTS 2B 713 217 341 120 14 5 2
650 120 100 RESULTS 0LEP 247 182 149 RESULTS 1LEP 16 36 750 185 105 4793 1736 1215 RESULTS 2LEP 26 14 15 11 5 4 1 1 RESULTS 2B 972 279 830 727 582 426 301
650 150 100 RESULTS 0LEP 309 230 165 RESULTS 1LEP 32 44 1504 296 171 5319 1813 1280 RESULTS 2LEP 83 60 57 44 15 11 6 4 RESULTS 2B 566 168 484 417 323 241 177
650 170 150 RESULTS 0LEP 203 150 123 RESULTS 1LEP 18 22 690 183 98 4607 1652 1121 RESULTS 2LEP 39 20 16 11 6 3 3 2 RESULTS 2B 1201 394 1018 870 680 512 364
650 220 200 RESULTS 0LEP 207 166 134 RESULTS 1LEP 10 16 594 162 108 4389 1571 1029 RESULTS 2LEP 19 11 7 4 6 5 4 2 RESULTS 2B 1357 476 1136 968 764 544 342
650 270 250 RESULTS 0LEP 192 148 120 RESULTS 1LEP 20 26 624 173 103 4123 1402 879 RESULTS 2LEP 16 7 6 4 8 3 2 1 RESULTS 2B 1326 517 1086 896 684 450 260
650 320 300 RESULTS 0LEP 186 125 90 RESULTS 1LEP 22 34 650 162 96 3838 1204 672 RESULTS 2LEP 12 4 5 4 8 5 4 1 RESULTS 2B 1363 480 1049 827 568 344 180
650 370 350 RESULTS 0LEP 173 111 78 RESULTS 1LEP 32 32 638 165 79 3455 1042 506 RESULTS 2LEP 8 2 2 1 5 3 2 0 RESULTS 2B 1365 502 993 731 450 196 66
650 420 400 RESULTS 0LEP 144 83 52 RESULTS 1LEP 30 60 580 139 38 2955 635 225 RESULTS 2LEP 6 3 4 3 2 1 1 0 RESULTS 2B 1089 367 701 420 201 55 6
650 470 450
700 120 100 RESULTS 0LEP 223 183 155 RESULTS 1LEP 10 24 842 183 117 5058 1872 1363 RESULTS 2LEP 56 38 30 18 7 4 3 2 RESULTS 2B 995 309 856 760 648 516 374
700 150 75 RESULTS 0LEP 365 262 202 RESULTS 1LEP 20 68 1854 386 291 6028 2068 1457 RESULTS 2LEP 120 85 91 77 15 9 5 2 RESULTS 2B 348 155 296 270 223 174 135
700 150 100 RESULTS 0LEP 336 253 197 RESULTS 1LEP 20 36 1574 355 240 5687 2035 1454 RESULTS 2LEP 75 56 53 42 14 11 11 10 RESULTS 2B 543 174 472 407 342 276 208
700 150 120 RESULTS 0LEP 236 177 146 RESULTS 1LEP 6 34 1042 253 145 5239 1917 1384 RESULTS 2LEP 44 23 21 17 8 5 3 2 RESULTS 2B 838 246 722 637 529 421 315
700 150 140 RESULTS 0LEP 196 164 145 RESULTS 1LEP 6 14 478 138 83 4788 1809 1318 RESULTS 2LEP 18 12 11 8 7 6 3 2 RESULTS 2B 1488 645 1294 1129 968 761 580
700 170 150 RESULTS 0LEP 208 162 138 RESULTS 1LEP 6 26 732 190 119 4817 1858 1314 RESULTS 2LEP 35 24 23 17 8 3 0 0 RESULTS 2B 1179 406 1035 918 747 584 437
700 220 200 RESULTS 0LEP 180 153 134 RESULTS 1LEP 12 20 592 177 108 4650 1716 1185 RESULTS 2LEP 20 11 8 5 8 5 5 2 RESULTS 2B 1348 489 1151 1005 814 637 460
700 270 250 RESULTS 0LEP 216 162 131 RESULTS 1LEP 10 14 634 183 121 4557 1630 1123 RESULTS 2LEP 21 13 6 4 9 5 6 5 RESULTS 2B 1454 532 1221 1039 815 593 403
700 320 300 RESULTS 0LEP 206 160 132 RESULTS 1LEP 14 30 540 143 84 4335 1540 979 RESULTS 2LEP 17 8 7 5 8 5 5 5 RESULTS 2B 1441 530 1166 976 750 515 325
700 370 350 RESULTS 0LEP 202 156 116 RESULTS 1LEP 18 28 588 163 91 4025 1340 760 RESULTS 2LEP 17 8 5 2 8 4 2 1 RESULTS 2B 1377 506 1094 851 618 398 209
750 150 100 RESULTS 0LEP 303 236 194 RESULTS 1LEP 10 42 1658 373 255 6092 2265 1673 RESULTS 2LEP 107 78 79 74 22 18 14 10 RESULTS 2B 549 207 486 435 371 306 243
800 150 75 RESULTS 0LEP 330 251 200 RESULTS 1LEP 10 44 2048 503 388 6683 2424 1850 RESULTS 2LEP 129 97 98 88 24 21 19 16 RESULTS 2B 335 165 294 267 231 198 158
800 150 100 RESULTS 0LEP 293 230 192 RESULTS 1LEP 8 32 1832 436 316 6453 2383 1821 RESULTS 2LEP 111 82 81 69 19 15 13 12 RESULTS 2B 474 198 417 378 332 289 230
800 150 120 RESULTS 0LEP 221 183 160 RESULTS 1LEP 14 30 1214 316 188 5826 2304 1772 RESULTS 2LEP 52 40 33 27 19 10 12 8 RESULTS 2B 802 260 733 672 597 514 419
800 150 140 RESULTS 0LEP 177 149 129 RESULTS 1LEP 8 10 530 154 106 5175 2065 1584 RESULTS 2LEP 25 14 13 8 10 5 4 1 RESULTS 2B 1499 637 1352 1228 1089 937 758
180 150 1 RESULTS 0LEP 0 0 0 RESULTS 1LEP 128 60 98 1 0 219 3 2 RESULTS 2LEP 5 0 0 0 1 0 0 0 RESULTS 2B 2 3 0 0 0 0 0
180 170 1 RESULTS 0LEP 0 0 0 RESULTS 1LEP 150 96 136 1 1 366 1 0 RESULTS 2LEP 22 2 2 0 2 0 0 0 RESULTS 2B 7 1 1 1 0 0 0
200 150 1 RESULTS 0LEP 0 0 0 RESULTS 1LEP 192 114 100 0 0 241 1 0 RESULTS 2LEP 12 2 0 0 1 0 0 0 RESULTS 2B 6 6 1 0 0 0 0
200 150 20 RESULTS 0LEP 0 0 0 RESULTS 1LEP 134 108 140 5 3 255 4 1 RESULTS 2LEP 6 1 1 1 0 0 0 0 RESULTS 2B 3 4 0 0 0 0 0
200 150 25 RESULTS 0LEP 1 0 0 RESULTS 1LEP 134 92 120 7 4 246 1 0 RESULTS 2LEP 5 0 1 0 1 0 0 0 RESULTS 2B 9 8 0 0 0 0 0
200 190 1 RESULTS 0LEP 0 0 0 RESULTS 1LEP 224 162 232 1 0 507 0 0 RESULTS 2LEP 26 2 5 2 3 1 1 0 RESULTS 2B 8 1 1 0 0 0 0
200 190 20 RESULTS 0LEP 1 0 0 RESULTS 1LEP 232 172 248 1 1 505 3 1 RESULTS 2LEP 16 1 5 3 1 0 1 1 RESULTS 2B 9 2 1 0 0 0 0
200 190 25 RESULTS 0LEP 1 0 0 RESULTS 1LEP 212 172 216 3 1 458 1 0 RESULTS 2LEP 18 1 3 0 3 1 0 0 RESULTS 2B 7 3 2 0 0 0 0
225 150 1 RESULTS 0LEP 6 0 0 RESULTS 1LEP 268 146 138 4 1 374 6 0 RESULTS 2LEP 14 0 2 1 1 0 0 0 RESULTS 2B 13 8 1 1 0 0 0
225 150 25 RESULTS 0LEP 1 0 0 RESULTS 1LEP 238 130 156 6 0 345 3 1 RESULTS 2LEP 14 1 1 0 2 1 1 0 RESULTS 2B 12 7 0 0 0 0 0
225 215 1 RESULTS 0LEP 1 1 0 RESULTS 1LEP 288 288 484 4 1 835 4 2 RESULTS 2LEP 34 6 10 5 9 2 3 2 RESULTS 2B 15 4 3 1 1 0 0
225 215 25 RESULTS 0LEP 1 1 0 RESULTS 1LEP 268 238 468 4 2 777 4 0 RESULTS 2LEP 31 2 8 3 3 0 1 0 RESULTS 2B 11 8 1 0 0 0 0
230 150 50 RESULTS 0LEP 0 0 0 RESULTS 1LEP 134 86 134 6 2 280 10 1 RESULTS 2LEP 4 1 0 0 1 0 0 0 RESULTS 2B 6 7 2 0 0 0 0
230 220 50 RESULTS 0LEP 3 1 1 RESULTS 1LEP 306 196 406 2 1 734 1 0 RESULTS 2LEP 22 3 7 5 3 1 1 1 RESULTS 2B 15 4 2 2 0 0 0
250 150 1 RESULTS 0LEP 8 2 0 RESULTS 1LEP 302 232 478 12 0 716 20 2 RESULTS 2LEP 13 3 5 3 2 2 2 1 RESULTS 2B 27 13 7 0 0 0 0
250 150 25 RESULTS 0LEP 3 0 0 RESULTS 1LEP 284 240 330 8 0 587 13 1 RESULTS 2LEP 13 2 1 1 1 1 0 0 RESULTS 2B 24 7 4 1 0 0 0
250 150 50 RESULTS 0LEP 3 1 0 RESULTS 1LEP 152 152 196 2 1 412 7 2 RESULTS 2LEP 9 2 1 0 0 0 0 0 RESULTS 2B 23 10 2 1 0 0 0
250 240 1 RESULTS 0LEP 7 1 1 RESULTS 1LEP 344 340 806 10 4 1277 10 3 RESULTS 2LEP 34 1 9 3 6 3 3 1 RESULTS 2B 28 11 9 1 0 0 0
250 240 25 RESULTS 0LEP 6 2 0 RESULTS 1LEP 256 318 680 4 1 1272 9 0 RESULTS 2LEP 32 3 9 6 4 2 2 1 RESULTS 2B 31 8 7 2 0 0 0
250 240 50 RESULTS 0LEP 5 1 0 RESULTS 1LEP 288 294 598 5 1 1068 9 2 RESULTS 2LEP 28 3 9 9 3 1 1 1 RESULTS 2B 21 8 5 4 3 1 1
250 240 60 RESULTS 0LEP 4 1 1 RESULTS 1LEP 312 300 488 5 0 972 5 0 RESULTS 2LEP 35 10 11 6 7 3 4 4 RESULTS 2B 19 10 4 0 0 0 0
250 240 70 RESULTS 0LEP 3 0 0 RESULTS 1LEP 320 250 426 4 2 828 4 0 RESULTS 2LEP 34 6 8 5 4 1 0 0 RESULTS 2B 14 4 1 1 0 0 0
275 150 1 RESULTS 0LEP 25 7 2 RESULTS 1LEP 276 290 558 30 0 1059 59 6 RESULTS 2LEP 21 5 7 4 5 0 0 0 RESULTS 2B 46 26 16 3 0 0 0
275 150 25 RESULTS 0LEP 15 3 1 RESULTS 1LEP 222 294 602 19 3 1033 37 6 RESULTS 2LEP 22 5 13 3 3 1 2 1 RESULTS 2B 53 10 14 2 0 0 0
275 150 50 RESULTS 0LEP 15 3 1 RESULTS 1LEP 192 240 420 11 4 791 35 7 RESULTS 2LEP 16 3 4 2 1 0 0 0 RESULTS 2B 51 10 8 0 0 0 0
275 265 1 RESULTS 0LEP 16 2 1 RESULTS 1LEP 302 370 1116 16 6 1962 20 3 RESULTS 2LEP 52 11 26 19 8 4 5 5 RESULTS 2B 36 19 15 6 1 1 0
275 265 25 RESULTS 0LEP 18 5 1 RESULTS 1LEP 302 378 1110 17 3 1819 18 2 RESULTS 2LEP 53 10 22 17 4 1 2 2 RESULTS 2B 34 13 10 3 0 0 0
275 265 50 RESULTS 0LEP 14 2 2 RESULTS 1LEP 324 352 1030 12 3 1623 21 7 RESULTS 2LEP 47 8 18 13 8 2 1 1 RESULTS 2B 26 9 9 5 1 1 0
275 265 75 RESULTS 0LEP 8 0 0 RESULTS 1LEP 330 384 748 11 2 1301 16 4 RESULTS 2LEP 40 8 13 9 5 1 3 3 RESULTS 2B 21 8 6 0 0 0 0
300 150 1 RESULTS 0LEP 31 1 1 RESULTS 1LEP 230 308 844 39 5 1542 121 13 RESULTS 2LEP 18 7 8 4 2 0 0 0 RESULTS 2B 101 20 40 15 1 1 0
300 150 50 RESULTS 0LEP 37 4 3 RESULTS 1LEP 238 236 624 21 3 1242 75 14 RESULTS 2LEP 17 8 5 4 0 0 0 0 RESULTS 2B 82 18 25 6 2 0 0
300 290 1 RESULTS 0LEP 28 4 0 RESULTS 1LEP 300 388 1442 17 6 2438 34 15 RESULTS 2LEP 72 12 29 22 11 5 6 3 RESULTS 2B 37 16 12 4 2 1 0
300 290 50 RESULTS 0LEP 22 3 1 RESULTS 1LEP 304 396 1402 20 7 2289 32 4 RESULTS 2LEP 54 8 22 18 10 6 6 5 RESULTS 2B 44 16 16 2 1 1 1
300 290 100 RESULTS 0LEP 8 1 0 RESULTS 1LEP 306 352 956 14 4 1557 15 2 RESULTS 2LEP 48 6 19 12 10 3 3 3 RESULTS 2B 26 13 7 3 1 1 0
300 290 120 RESULTS 0LEP 2 0 0 RESULTS 1LEP 272 326 578 2 0 1078 4 0 RESULTS 2LEP 36 6 12 7 3 0 1 1 RESULTS 2B 21 13 5 3 1 1 0
330 320 150 RESULTS 0LEP 5 1 0 RESULTS 1LEP 336 296 648 4 1 1292 4 0 RESULTS 2LEP 40 8 10 4 5 3 4 3 RESULTS 2B 26 6 3 0 0 0 0
350 150 1 RESULTS 0LEP 108 10 3 RESULTS 1LEP 228 276 1138 90 26 2551 360 87 RESULTS 2LEP 43 20 18 12 8 4 1 0 RESULTS 2B 188 42 92 49 7 2 1
350 150 50 RESULTS 0LEP 79 13 4 RESULTS 1LEP 186 258 1018 69 13 2182 301 77 RESULTS 2LEP 27 13 12 10 4 3 2 2 RESULTS 2B 175 24 97 49 12 2 1
350 340 1 RESULTS 0LEP 56 19 7 RESULTS 1LEP 246 324 2146 75 33 3398 93 32 RESULTS 2LEP 93 22 42 32 10 3 5 4 RESULTS 2B 58 41 32 11 3 1 0
350 340 50 RESULTS 0LEP 60 16 3 RESULTS 1LEP 248 324 2030 66 28 3269 78 19 RESULTS 2LEP 98 29 47 36 14 3 6 5 RESULTS 2B 46 33 21 4 3 0 0
350 340 60 RESULTS 0LEP 56 17 11 RESULTS 1LEP 214 340 2078 59 20 3368 66 21 RESULTS 2LEP 96 21 42 31 11 4 5 5 RESULTS 2B 59 40 27 8 5 2 0
350 340 100 RESULTS 0LEP 49 7 3 RESULTS 1LEP 268 396 1802 44 13 2841 60 23 RESULTS 2LEP 75 14 24 19 8 4 5 2 RESULTS 2B 46 22 24 7 3 0 0
350 340 120 RESULTS 0LEP 32 5 2 RESULTS 1LEP 248 374 1620 27 9 2512 36 11 RESULTS 2LEP 68 13 24 20 3 3 3 3 RESULTS 2B 36 23 15 6 1 0 0
350 340 150 RESULTS 0LEP 15 1 0 RESULTS 1LEP 282 362 1144 16 8 1870 16 4 RESULTS 2LEP 45 10 16 10 3 1 1 1 RESULTS 2B 50 17 11 5 0 0 0
350 340 170 RESULTS 0LEP 9 2 1 RESULTS 1LEP 330 322 810 8 0 1415 14 2 RESULTS 2LEP 35 11 11 8 2 0 1 1 RESULTS 2B 21 5 7 2 0 0 0
400 150 1 RESULTS 0LEP 264 56 22 RESULTS 1LEP 158 214 1598 154 49 3342 651 266 RESULTS 2LEP 52 29 32 26 6 4 3 3 RESULTS 2B 219 47 145 82 28 4 2
400 150 25 RESULTS 0LEP 245 37 7 RESULTS 1LEP 146 238 1548 144 57 3376 638 231 RESULTS 2LEP 54 33 30 22 11 6 4 1 RESULTS 2B 232 41 145 92 37 8 1
400 150 50 RESULTS 0LEP 213 39 11 RESULTS 1LEP 134 202 1276 112 37 3141 603 212 RESULTS 2LEP 53 31 30 21 11 4 2 0 RESULTS 2B 245 39 167 87 34 10 2
400 390 1 RESULTS 0LEP 121 66 31 RESULTS 1LEP 186 306 2854 133 70 4340 117 50 RESULTS 2LEP 121 24 64 52 14 8 8 8 RESULTS 2B 66 67 33 18 13 7 1
400 390 50 RESULTS 0LEP 120 59 28 RESULTS 1LEP 226 258 2686 104 45 4251 112 37 RESULTS 2LEP 127 44 61 50 14 3 4 4 RESULTS 2B 49 58 30 12 6 2 0
400 390 100 RESULTS 0LEP 101 45 20 RESULTS 1LEP 214 334 2392 93 47 3849 100 43 RESULTS 2LEP 86 15 42 37 9 2 5 3 RESULTS 2B 60 50 29 13 6 3 0
400 390 150 RESULTS 0LEP 75 19 7 RESULTS 1LEP 216 342 2072 46 15 3331 59 19 RESULTS 2LEP 66 16 34 20 9 3 3 2 RESULTS 2B 47 36 19 7 1 0 0
400 390 195 RESULTS 0LEP 25 9 6 RESULTS 1LEP 280 372 1442 20 5 2368 23 2 RESULTS 2LEP 58 13 24 16 7 2 2 1 RESULTS 2B 31 20 13 7 2 1 1
400 390 200 RESULTS 0LEP 17 4 2 RESULTS 1LEP 276 320 1256 17 2 2195 30 8 RESULTS 2LEP 68 19 27 20 9 5 5 4 RESULTS 2B 43 18 13 0 0 0 0
400 390 220 RESULTS 0LEP 13 1 1 RESULTS 1LEP 342 282 844 7 2 1541 6 2 RESULTS 2LEP 34 4 12 6 3 2 2 1 RESULTS 2B 23 13 5 0 0 0 0
450 150 1 RESULTS 0LEP 347 118 55 RESULTS 1LEP 126 220 1758 225 100 4044 958 463 RESULTS 2LEP 67 44 42 26 8 6 6 5 RESULTS 2B 239 74 172 114 61 27 8
450 150 50 RESULTS 0LEP 296 104 34 RESULTS 1LEP 116 182 1670 186 84 3838 879 418 RESULTS 2LEP 70 35 32 19 8 4 6 5 RESULTS 2B 272 54 197 125 63 21 5
450 440 1 RESULTS 0LEP 167 109 68 RESULTS 1LEP 144 262 3144 174 104 5079 166 72 RESULTS 2LEP 131 28 62 48 17 9 12 12 RESULTS 2B 62 96 42 28 20 10 3
450 440 50 RESULTS 0LEP 157 98 65 RESULTS 1LEP 156 214 3068 156 96 5057 140 55 RESULTS 2LEP 147 40 77 66 23 6 10 9 RESULTS 2B 84 94 63 47 21 8 2
450 440 100 RESULTS 0LEP 162 93 52 RESULTS 1LEP 170 234 2958 161 94 4715 142 61 RESULTS 2LEP 134 36 76 69 22 9 13 10 RESULTS 2B 64 90 43 27 10 5 1
450 440 150 RESULTS 0LEP 126 62 29 RESULTS 1LEP 140 292 2668 113 58 4247 126 51 RESULTS 2LEP 138 38 76 66 14 6 8 6 RESULTS 2B 73 77 41 23 7 0 0
450 440 200 RESULTS 0LEP 91 38 23 RESULTS 1LEP 252 356 2202 76 31 3531 68 22 RESULTS 2LEP 102 20 45 38 11 5 5 2 RESULTS 2B 60 46 24 9 3 0 0
450 440 220 RESULTS 0LEP 61 16 8 RESULTS 1LEP 222 342 2056 43 14 3247 56 13 RESULTS 2LEP 71 17 35 26 6 1 2 1 RESULTS 2B 46 32 23 8 3 1 1
450 440 250 RESULTS 0LEP 30 7 6 RESULTS 1LEP 312 350 1462 22 3 2423 32 8 RESULTS 2LEP 55 15 28 20 8 5 5 5 RESULTS 2B 39 9 16 7 5 1 0
450 440 270 RESULTS 0LEP 19 0 0 RESULTS 1LEP 322 322 964 12 8 1773 15 5 RESULTS 2LEP 37 11 17 10 8 3 4 3 RESULTS 2B 25 15 4 2 1 0 0
500 150 1 RESULTS 0LEP 402 183 103 RESULTS 1LEP 72 148 1932 263 181 4643 1183 631 RESULTS 2LEP 71 48 44 37 20 12 13 10 RESULTS 2B 222 89 163 126 90 43 18
500 150 25 RESULTS 0LEP 393 181 95 RESULTS 1LEP 62 130 1890 245 157 4687 1207 665 RESULTS 2LEP 76 44 54 44 9 7 6 5 RESULTS 2B 225 80 161 119 86 47 21
500 150 50 RESULTS 0LEP 385 134 71 RESULTS 1LEP 48 168 1792 241 139 4546 1208 693 RESULTS 2LEP 75 45 40 34 5 3 2 1 RESULTS 2B 241 86 182 137 90 49 21
500 490 1 RESULTS 0LEP 239 169 131 RESULTS 1LEP 128 158 3276 213 135 5546 195 82 RESULTS 2LEP 170 48 97 89 20 8 9 7 RESULTS 2B 73 108 48 28 21 14 5
500 490 50 RESULTS 0LEP 199 127 98 RESULTS 1LEP 110 178 3398 217 145 5603 211 90 RESULTS 2LEP 144 43 73 66 22 11 12 9 RESULTS 2B 64 128 50 37 23 14 7
500 490 100 RESULTS 0LEP 190 129 98 RESULTS 1LEP 118 180 3276 187 121 5383 196 83 RESULTS 2LEP 149 44 64 58 15 5 7 6 RESULTS 2B 76 93 51 34 20 12 7
500 490 150 RESULTS 0LEP 167 112 66 RESULTS 1LEP 156 236 3218 178 117 5191 181 82 RESULTS 2LEP 124 29 55 48 17 5 7 7 RESULTS 2B 59 107 26 19 9 6 4
500 490 200 RESULTS 0LEP 131 83 42 RESULTS 1LEP 152 292 3014 129 68 4670 123 38 RESULTS 2LEP 122 28 65 55 13 5 8 4 RESULTS 2B 54 83 34 16 5 2 1
500 490 245 RESULTS 0LEP 114 49 26 RESULTS 1LEP 240 304 2544 78 41 3868 66 16 RESULTS 2LEP 90 21 44 39 12 7 7 6 RESULTS 2B 67 61 35 18 5 2 1
500 490 250 RESULTS 0LEP 76 35 21 RESULTS 1LEP 196 352 2402 76 28 3711 85 28 RESULTS 2LEP 97 29 51 40 13 6 8 7 RESULTS 2B 61 53 30 15 5 0 0
500 490 300 RESULTS 0LEP 45 14 6 RESULTS 1LEP 284 374 1532 25 10 2571 23 4 RESULTS 2LEP 57 12 27 16 9 4 3 1 RESULTS 2B 41 18 10 3 0 0 0
500 490 320 RESULTS 0LEP 24 8 2 RESULTS 1LEP 302 386 1140 15 10 1930 13 4 RESULTS 2LEP 44 11 18 12 13 3 2 2 RESULTS 2B 35 23 7 1 1 1 0
550 150 1 RESULTS 0LEP 472 257 158 RESULTS 1LEP 44 106 2100 329 227 5135 1407 863 RESULTS 2LEP 79 54 58 50 11 5 4 4 RESULTS 2B 240 112 187 142 96 65 33
550 150 50 RESULTS 0LEP 431 227 134 RESULTS 1LEP 58 134 2006 279 183 5059 1437 884 RESULTS 2LEP 74 45 51 37 10 7 4 4 RESULTS 2B 242 89 187 155 114 72 36
550 540 1 RESULTS 0LEP 211 163 132 RESULTS 1LEP 66 144 3718 267 190 6217 256 136 RESULTS 2LEP 213 66 116 110 28 14 13 10 RESULTS 2B 66 126 50 36 25 18 15
550 540 50 RESULTS 0LEP 208 163 120 RESULTS 1LEP 74 194 3532 242 167 6077 234 110 RESULTS 2LEP 193 51 109 96 26 15 18 15 RESULTS 2B 75 114 67 55 33 22 16
550 540 100 RESULTS 0LEP 223 175 142 RESULTS 1LEP 112 214 3638 248 160 6068 271 134 RESULTS 2LEP 160 57 85 79 26 12 17 17 RESULTS 2B 73 129 52 37 26 18 10
550 540 150 RESULTS 0LEP 209 153 118 RESULTS 1LEP 108 152 3424 224 141 5668 220 119 RESULTS 2LEP 154 45 80 73 16 10 10 8 RESULTS 2B 80 112 62 46 30 20 8
550 540 200 RESULTS 0LEP 202 131 89 RESULTS 1LEP 124 214 3288 204 127 5420 187 81 RESULTS 2LEP 144 43 85 73 19 9 11 11 RESULTS 2B 78 102 54 39 22 8 3
550 540 250 RESULTS 0LEP 182 103 63 RESULTS 1LEP 158 236 2924 144 68 4695 150 66 RESULTS 2LEP 151 47 75 64 12 5 8 5 RESULTS 2B 79 83 49 27 11 4 1
550 540 270 RESULTS 0LEP 126 63 33 RESULTS 1LEP 166 256 2784 126 45 4504 123 39 RESULTS 2LEP 149 42 69 61 9 5 6 5 RESULTS 2B 57 53 35 22 5 2 0
550 540 300 RESULTS 0LEP 102 40 21 RESULTS 1LEP 212 310 2394 93 41 3919 78 28 RESULTS 2LEP 106 33 58 46 9 4 5 5 RESULTS 2B 67 52 29 13 6 2 0
550 540 350 RESULTS 0LEP 43 14 5 RESULTS 1LEP 294 362 1702 47 12 2722 46 17 RESULTS 2LEP 60 16 33 27 7 3 5 4 RESULTS 2B 35 20 3 0 0 0 0
550 540 370 RESULTS 0LEP 23 6 3 RESULTS 1LEP 236 324 1166 13 5 2051 19 4 RESULTS 2LEP 60 18 25 15 14 5 4 2 RESULTS 2B 34 19 6 3 2 1 0
600 150 1 RESULTS 0LEP 488 293 210 RESULTS 1LEP 36 90 2108 366 281 5670 1598 1044 RESULTS 2LEP 97 77 69 60 11 8 8 6 RESULTS 2B 200 156 164 145 116 88 63
600 150 25 RESULTS 0LEP 430 271 195 RESULTS 1LEP 42 118 2114 375 292 5512 1651 1103 RESULTS 2LEP 96 60 63 55 19 18 17 14 RESULTS 2B 231 105 178 151 125 87 54
600 150 50 RESULTS 0LEP 470 293 198 RESULTS 1LEP 34 104 2134 380 273 5427 1665 1098 RESULTS 2LEP 94 76 68 61 17 14 10 9 RESULTS 2B 214 103 182 149 112 84 47
600 590 1 RESULTS 0LEP 232 187 159 RESULTS 1LEP 46 140 3762 307 232 6559 286 147 RESULTS 2LEP 178 52 105 96 26 12 15 11 RESULTS 2B 86 161 74 63 47 34 21
600 590 50 RESULTS 0LEP 259 217 183 RESULTS 1LEP 84 138 3580 257 187 6370 283 163 RESULTS 2LEP 199 68 123 112 13 8 9 8 RESULTS 2B 100 151 84 68 51 34 21
600 590 100 RESULTS 0LEP 252 197 166 RESULTS 1LEP 102 152 3642 277 207 6345 280 152 RESULTS 2LEP 204 76 125 114 16 8 10 9 RESULTS 2B 62 165 45 35 25 17 9
600 590 150 RESULTS 0LEP 245 198 160 RESULTS 1LEP 82 176 3768 235 161 6297 242 122 RESULTS 2LEP 174 61 106 96 29 14 17 17 RESULTS 2B 99 143 84 68 48 34 19
600 590 200 RESULTS 0LEP 227 166 129 RESULTS 1LEP 114 188 3518 225 151 5946 224 109 RESULTS 2LEP 186 68 111 101 25 14 19 15 RESULTS 2B 93 130 70 53 34 23 14
600 590 250 RESULTS 0LEP 201 137 102 RESULTS 1LEP 152 196 3350 204 132 5455 177 88 RESULTS 2LEP 169 49 85 71 17 6 10 9 RESULTS 2B 61 117 51 35 23 5 2
600 590 295 RESULTS 0LEP 169 106 64 RESULTS 1LEP 182 232 3134 184 105 5114 175 72 RESULTS 2LEP 141 42 73 63 10 4 8 7 RESULTS 2B 72 110 46 35 17 13 5
600 590 300 RESULTS 0LEP 172 112 75 RESULTS 1LEP 152 238 3112 162 106 4976 147 57 RESULTS 2LEP 140 35 75 65 26 10 11 10 RESULTS 2B 70 82 49 28 15 9 2
600 590 350 RESULTS 0LEP 95 43 26 RESULTS 1LEP 192 284 2582 128 64 4073 107 35 RESULTS 2LEP 120 31 65 60 15 3 6 5 RESULTS 2B 69 56 36 20 6 0 0
600 590 400 RESULTS 0LEP 42 13 7 RESULTS 1LEP 246 358 1684 37 12 2843 42 9 RESULTS 2LEP 67 16 29 18 15 3 11 8 RESULTS 2B 48 29 21 5 2 1 0
600 590 420 RESULTS 0LEP 25 8 5 RESULTS 1LEP 278 306 1176 16 12 2191 16 6 RESULTS 2LEP 63 16 21 17 3 3 3 2 RESULTS 2B 41 21 9 5 1 0 0
650 150 1 RESULTS 0LEP 427 295 219 RESULTS 1LEP 18 82 2326 448 361 6042 1927 1314 RESULTS 2LEP 108 81 75 69 23 15 16 11 RESULTS 2B 182 126 153 132 103 73 48
650 150 50 RESULTS 0LEP 457 292 210 RESULTS 1LEP 22 98 2256 428 346 5908 1884 1329 RESULTS 2LEP 104 76 77 68 18 13 12 11 RESULTS 2B 209 98 175 147 119 89 56
650 640 1 RESULTS 0LEP 266 223 190 RESULTS 1LEP 76 106 3690 314 245 6801 343 200 RESULTS 2LEP 245 86 140 132 29 15 20 18 RESULTS 2B 83 162 68 59 47 32 18
650 640 50 RESULTS 0LEP 277 235 213 RESULTS 1LEP 62 110 3926 285 219 7211 328 188 RESULTS 2LEP 210 70 122 116 25 12 16 15 RESULTS 2B 76 139 63 57 45 35 25
650 640 100 RESULTS 0LEP 244 214 182 RESULTS 1LEP 68 144 3832 293 231 6965 317 185 RESULTS 2LEP 195 68 117 107 26 14 17 16 RESULTS 2B 84 181 73 63 49 37 25
650 640 150 RESULTS 0LEP 239 191 164 RESULTS 1LEP 84 162 3906 292 225 6882 297 166 RESULTS 2LEP 199 67 119 109 29 12 17 15 RESULTS 2B 84 153 69 57 48 39 25
650 640 200 RESULTS 0LEP 261 212 189 RESULTS 1LEP 84 166 3774 290 219 6450 292 152 RESULTS 2LEP 191 59 110 100 26 17 17 16 RESULTS 2B 71 148 53 42 31 23 12
650 640 250 RESULTS 0LEP 228 180 146 RESULTS 1LEP 84 142 3492 277 187 6136 263 124 RESULTS 2LEP 177 52 88 80 19 9 10 10 RESULTS 2B 72 146 58 46 35 25 20
650 640 300 RESULTS 0LEP 212 154 127 RESULTS 1LEP 134 198 3470 227 143 5726 234 103 RESULTS 2LEP 174 52 90 81 21 11 12 9 RESULTS 2B 65 120 50 35 24 13 4
650 640 320 RESULTS 0LEP 179 122 87 RESULTS 1LEP 134 226 3278 207 127 5530 170 87 RESULTS 2LEP 170 45 84 77 13 7 8 6 RESULTS 2B 72 111 49 31 21 14 9
650 640 350 RESULTS 0LEP 196 130 87 RESULTS 1LEP 118 214 2986 162 88 5016 192 89 RESULTS 2LEP 143 42 77 70 13 9 10 6 RESULTS 2B 67 91 46 30 21 10 6
650 640 400 RESULTS 0LEP 123 68 31 RESULTS 1LEP 202 308 2620 127 54 4225 110 30 RESULTS 2LEP 103 27 47 42 16 10 11 11 RESULTS 2B 54 74 28 14 6 0 0
650 640 450 RESULTS 0LEP 47 16 5 RESULTS 1LEP 296 386 1740 52 19 2933 46 6 RESULTS 2LEP 78 14 31 27 5 4 3 2 RESULTS 2B 47 23 15 6 1 0 0
650 640 470 RESULTS 0LEP 24 8 5 RESULTS 1LEP 300 362 1238 22 8 2172 26 4 RESULTS 2LEP 57 13 16 13 5 1 2 1 RESULTS 2B 34 15 5 2 1 1 0
700 150 1 RESULTS 0LEP 512 372 289 RESULTS 1LEP 6 48 2300 473 398 6275 2098 1498 RESULTS 2LEP 118 84 88 81 19 15 18 15 RESULTS 2B 155 145 127 122 97 82 67
700 150 25 RESULTS 0LEP 470 344 267 RESULTS 1LEP 14 76 2282 456 384 6224 2100 1476 RESULTS 2LEP 115 71 76 69 13 10 13 11 RESULTS 2B 183 149 162 142 107 88 68
700 150 50 RESULTS 0LEP 469 340 255 RESULTS 1LEP 12 56 2280 462 363 6228 2070 1472 RESULTS 2LEP 120 87 88 72 19 17 14 13 RESULTS 2B 185 136 159 145 121 91 71
700 690 1 RESULTS 0LEP 224 197 179 RESULTS 1LEP 58 106 3720 308 251 7114 343 194 RESULTS 2LEP 226 81 135 128 22 5 11 10 RESULTS 2B 106 189 92 82 66 53 40
700 690 50 RESULTS 0LEP 244 216 194 RESULTS 1LEP 76 114 3674 319 247 7051 374 210 RESULTS 2LEP 249 91 148 135 35 16 23 20 RESULTS 2B 97 164 84 72 60 49 34
700 690 100 RESULTS 0LEP 249 223 196 RESULTS 1LEP 60 86 3666 299 234 7138 336 193 RESULTS 2LEP 220 72 139 132 34 19 22 20 RESULTS 2B 105 191 90 77 65 57 41
700 690 150 RESULTS 0LEP 256 222 205 RESULTS 1LEP 54 98 3830 328 243 6921 324 179 RESULTS 2LEP 259 91 158 139 28 17 19 17 RESULTS 2B 84 196 76 66 59 46 34
700 690 200 RESULTS 0LEP 215 185 159 RESULTS 1LEP 72 122 3772 313 226 6810 292 161 RESULTS 2LEP 264 93 159 144 32 16 18 16 RESULTS 2B 104 177 83 70 56 37 23
700 690 250 RESULTS 0LEP 247 208 181 RESULTS 1LEP 62 136 3642 258 192 6467 296 150 RESULTS 2LEP 215 74 120 109 34 19 19 18 RESULTS 2B 97 163 76 64 52 36 24
700 690 300 RESULTS 0LEP 235 188 152 RESULTS 1LEP 88 168 3644 267 194 6361 269 130 RESULTS 2LEP 203 78 114 109 21 12 11 9 RESULTS 2B 86 149 65 54 38 24 13
700 690 345 RESULTS 0LEP 225 170 141 RESULTS 1LEP 132 206 3556 212 144 5910 201 106 RESULTS 2LEP 186 54 93 85 20 7 5 5 RESULTS 2B 87 122 61 42 28 14 10
700 690 350 RESULTS 0LEP 215 160 126 RESULTS 1LEP 136 186 3472 236 147 5894 215 94 RESULTS 2LEP 170 56 96 83 20 6 8 7 RESULTS 2B 83 134 68 57 41 24 13
700 690 400 RESULTS 0LEP 210 142 93 RESULTS 1LEP 126 258 3142 177 114 5211 183 85 RESULTS 2LEP 162 52 80 73 21 12 13 12 RESULTS 2B 79 104 51 37 22 14 7
700 690 450 RESULTS 0LEP 105 58 34 RESULTS 1LEP 182 328 2598 109 47 4316 110 38 RESULTS 2LEP 120 38 68 61 17 6 10 9 RESULTS 2B 60 80 34 19 7 2 1
700 690 500 RESULTS 0LEP 47 21 10 RESULTS 1LEP 286 350 1696 43 18 2931 37 6 RESULTS 2LEP 83 22 38 30 6 1 2 1 RESULTS 2B 51 38 15 4 0 0 0
700 690 520 RESULTS 0LEP 22 8 3 RESULTS 1LEP 320 306 1222 18 7 2298 23 6 RESULTS 2LEP 60 9 29 23 15 7 6 5 RESULTS 2B 39 12 6 1 0 0 0
750 150 1 RESULTS 0LEP 464 357 291 RESULTS 1LEP 18 56 2442 546 467 6658 2307 1696 RESULTS 2LEP 133 96 101 91 15 13 12 10 RESULTS 2B 177 156 161 155 135 109 81
750 150 50 RESULTS 0LEP 456 346 278 RESULTS 1LEP 12 60 2432 551 456 6612 2303 1698 RESULTS 2LEP 124 90 91 85 22 18 16 13 RESULTS 2B 185 147 149 131 111 90 72
750 740 1 RESULTS 0LEP 267 233 211 RESULTS 1LEP 40 78 3728 318 257 7376 383 227 RESULTS 2LEP 235 79 138 131 29 19 23 22 RESULTS 2B 111 171 101 93 76 68 59
750 740 50 RESULTS 0LEP 238 213 191 RESULTS 1LEP 48 64 3808 359 273 7274 363 214 RESULTS 2LEP 241 82 147 142 36 21 23 22 RESULTS 2B 100 214 83 73 61 53 39
750 740 100 RESULTS 0LEP 264 232 200 RESULTS 1LEP 44 84 3716 308 229 7370 378 222 RESULTS 2LEP 277 113 188 179 23 8 13 11 RESULTS 2B 93 197 80 70 61 51 36
750 740 150 RESULTS 0LEP 232 206 184 RESULTS 1LEP 54 80 3802 342 265 7422 389 238 RESULTS 2LEP 245 80 135 129 32 18 20 20 RESULTS 2B 104 171 82 73 60 48 42
750 740 200 RESULTS 0LEP 258 221 201 RESULTS 1LEP 72 108 3760 323 252 7235 337 195 RESULTS 2LEP 234 87 142 133 36 17 24 23 RESULTS 2B 91 205 78 61 52 39 30
750 740 250 RESULTS 0LEP 252 214 191 RESULTS 1LEP 50 114 3782 303 241 7158 325 186 RESULTS 2LEP 219 78 131 118 30 20 20 18 RESULTS 2B 114 178 92 80 65 42 35
750 740 300 RESULTS 0LEP 237 195 172 RESULTS 1LEP 62 136 3806 292 206 6890 327 177 RESULTS 2LEP 216 73 125 116 46 28 34 33 RESULTS 2B 95 157 78 63 54 44 27
750 740 350 RESULTS 0LEP 251 190 163 RESULTS 1LEP 70 182 3712 269 191 6504 253 131 RESULTS 2LEP 189 58 108 97 25 12 15 15 RESULTS 2B 99 161 79 57 38 25 16
750 740 400 RESULTS 0LEP 224 171 128 RESULTS 1LEP 104 168 3500 243 165 6038 232 101 RESULTS 2LEP 186 69 107 98 29 10 10 9 RESULTS 2B 68 120 54 45 25 17 10
750 740 450 RESULTS 0LEP 186 136 91 RESULTS 1LEP 156 248 3384 184 126 5459 184 83 RESULTS 2LEP 154 52 86 78 24 14 13 12 RESULTS 2B 84 122 55 43 33 14 4
750 740 500 RESULTS 0LEP 115 71 33 RESULTS 1LEP 168 276 2682 110 48 4373 104 33 RESULTS 2LEP 99 28 49 43 19 12 11 8 RESULTS 2B 57 59 32 13 7 4 0
750 740 550 RESULTS 0LEP 56 21 16 RESULTS 1LEP 268 354 1718 40 18 3045 38 13 RESULTS 2LEP 84 23 37 30 17 4 4 3 RESULTS 2B 35 24 14 6 3 0 0
750 740 570 RESULTS 0LEP 26 10 8 RESULTS 1LEP 330 376 1318 19 11 2402 12 0 RESULTS 2LEP 58 15 25 20 9 3 3 3 RESULTS 2B 30 16 14 9 7 5 5
800 150 1 RESULTS 0LEP 441 359 307 RESULTS 1LEP 14 34 2402 561 487 6913 2480 1869 RESULTS 2LEP 117 85 85 78 28 23 23 22 RESULTS 2B 180 160 161 148 131 103 78
800 150 25 RESULTS 0LEP 481 379 304 RESULTS 1LEP 4 30 2368 543 472 6818 2407 1827 RESULTS 2LEP 144 105 109 102 20 17 15 11 RESULTS 2B 167 137 157 143 131 110 88
800 150 50 RESULTS 0LEP 462 363 303 RESULTS 1LEP 4 34 2342 531 473 6791 2458 1815 RESULTS 2LEP 129 97 101 91 16 12 11 10 RESULTS 2B 149 128 139 128 109 93 81
800 790 1 RESULTS 0LEP 245 225 206 RESULTS 1LEP 36 72 3672 329 260 7639 419 271 RESULTS 2LEP 271 93 164 153 31 14 21 18 RESULTS 2B 110 222 98 82 77 67 59
800 790 50 RESULTS 0LEP 231 206 188 RESULTS 1LEP 38 70 3728 332 253 7718 387 232 RESULTS 2LEP 278 100 161 152 42 20 26 25 RESULTS 2B 104 232 97 85 77 67 60
800 790 100 RESULTS 0LEP 256 230 204 RESULTS 1LEP 50 74 3652 316 264 7648 386 241 RESULTS 2LEP 238 80 136 132 32 8 19 16 RESULTS 2B 100 219 85 74 66 56 39
800 790 150 RESULTS 0LEP 270 235 215 RESULTS 1LEP 38 64 3680 334 269 7498 360 214 RESULTS 2LEP 266 91 170 161 31 13 22 18 RESULTS 2B 105 227 90 77 73 66 52
800 790 200 RESULTS 0LEP 259 229 209 RESULTS 1LEP 48 76 3724 350 272 7480 383 236 RESULTS 2LEP 239 86 138 134 37 17 22 18 RESULTS 2B 79 178 74 66 57 48 34
800 790 250 RESULTS 0LEP 251 228 205 RESULTS 1LEP 50 94 3896 342 266 7487 403 220 RESULTS 2LEP 258 92 150 142 38 21 28 25 RESULTS 2B 102 186 85 74 65 52 42
800 790 300 RESULTS 0LEP 256 228 203 RESULTS 1LEP 78 124 3826 305 235 7181 346 194 RESULTS 2LEP 250 77 148 139 42 20 24 23 RESULTS 2B 95 186 81 67 53 40 33
800 790 350 RESULTS 0LEP 230 197 169 RESULTS 1LEP 78 104 3658 275 210 6922 322 178 RESULTS 2LEP 178 52 89 84 30 10 18 12 RESULTS 2B 99 165 86 69 52 41 29
800 790 400 RESULTS 0LEP 240 205 173 RESULTS 1LEP 90 144 3690 273 203 6461 247 125 RESULTS 2LEP 207 57 109 97 24 9 12 11 RESULTS 2B 81 175 63 57 44 31 17
800 790 450 RESULTS 0LEP 225 182 144 RESULTS 1LEP 108 194 3658 255 186 6136 240 101 RESULTS 2LEP 174 59 111 102 24 13 16 15 RESULTS 2B 88 123 66 51 32 20 11
800 790 500 RESULTS 0LEP 218 147 108 RESULTS 1LEP 122 226 3196 188 115 5390 191 96 RESULTS 2LEP 145 43 81 71 17 8 12 11 RESULTS 2B 78 119 66 48 30 16 6
800 790 550 RESULTS 0LEP 122 66 39 RESULTS 1LEP 176 284 2720 132 72 4488 116 42 RESULTS 2LEP 140 39 71 60 15 5 9 8 RESULTS 2B 63 76 39 22 8 4 1
800 790 600 RESULTS 0LEP 73 31 20 RESULTS 1LEP 262 288 1776 45 16 3208 49 15 RESULTS 2LEP 74 18 34 28 7 2 3 2 RESULTS 2B 48 27 22 6 2 0 0
800 790 620 RESULTS 0LEP 24 8 2 RESULTS 1LEP 330 334 1388 23 7 2451 34 7 RESULTS 2LEP 49 10 17 12 12 7 7 7 RESULTS 2B 34 19 13 7 5 3 2
