180 1 RESULTS 0LEP 0 0 0 RESULTS 1LEP 58 20 38 1 0 97 3 0 RESULTS 2LEP 1 0 0 0 0 0 0 0 RESULTS 2B 6 1 2 1 0 0 0
190 1 RESULTS 0LEP 0 0 0 RESULTS 1LEP 58 40 44 2 0 101 0 0 RESULTS 2LEP 3 1 0 0 0 0 0 0 RESULTS 2B 4 2 0 0 0 0 0
200 1 RESULTS 0LEP 0 0 0 RESULTS 1LEP 50 44 52 2 1 132 1 0 RESULTS 2LEP 1 1 0 0 0 0 0 0 RESULTS 2B 4 3 0 0 0 0 0
200 20 RESULTS 0LEP 0 0 0 RESULTS 1LEP 42 40 34 2 0 124 2 0 RESULTS 2LEP 0 0 0 0 0 0 0 0 RESULTS 2B 10 4 1 0 0 0 0
210 1 RESULTS 0LEP 1 0 0 RESULTS 1LEP 102 60 70 1 0 159 2 0 RESULTS 2LEP 0 0 0 0 0 0 0 0 RESULTS 2B 4 2 0 0 0 0 0
225 1 RESULTS 0LEP 1 0 0 RESULTS 1LEP 188 112 134 3 0 287 7 1 RESULTS 2LEP 6 0 0 0 1 0 0 0 RESULTS 2B 12 6 2 1 0 0 0
225 25 RESULTS 0LEP 2 0 0 RESULTS 1LEP 130 72 126 2 0 231 6 2 RESULTS 2LEP 3 1 0 0 2 0 0 0 RESULTS 2B 16 5 1 0 0 0 0
230 1 RESULTS 0LEP 3 0 0 RESULTS 1LEP 222 146 184 2 0 353 5 2 RESULTS 2LEP 9 1 2 1 1 0 1 0 RESULTS 2B 13 7 1 0 0 0 0
230 35 RESULTS 0LEP 0 0 0 RESULTS 1LEP 146 112 130 1 0 243 5 0 RESULTS 2LEP 8 1 0 0 1 0 0 0 RESULTS 2B 14 9 2 1 0 0 0
230 50 RESULTS 0LEP 1 0 0 RESULTS 1LEP 72 60 102 4 2 181 2 0 RESULTS 2LEP 2 0 0 0 0 0 0 0 RESULTS 2B 10 5 2 0 0 0 0
250 1 RESULTS 0LEP 5 0 0 RESULTS 1LEP 322 302 432 12 2 682 12 1 RESULTS 2LEP 18 2 5 2 0 0 0 0 RESULTS 2B 33 6 5 1 0 0 0
250 25 RESULTS 0LEP 4 0 0 RESULTS 1LEP 320 272 334 5 1 549 11 1 RESULTS 2LEP 16 0 4 2 2 0 0 0 RESULTS 2B 23 4 2 0 0 0 0
250 35 RESULTS 0LEP 6 0 0 RESULTS 1LEP 260 244 262 7 2 493 15 4 RESULTS 2LEP 15 4 6 3 2 0 0 0 RESULTS 2B 20 7 5 1 0 0 0
250 50 RESULTS 0LEP 6 0 0 RESULTS 1LEP 216 160 216 3 1 414 4 0 RESULTS 2LEP 11 1 0 0 1 0 0 0 RESULTS 2B 8 7 0 0 0 0 0
250 60 RESULTS 0LEP 4 0 0 RESULTS 1LEP 126 96 154 5 1 298 2 1 RESULTS 2LEP 5 0 0 0 0 0 0 0 RESULTS 2B 8 8 0 0 0 0 0
250 65 RESULTS 0LEP 2 0 0 RESULTS 1LEP 138 120 128 2 0 244 4 0 RESULTS 2LEP 4 0 0 0 0 0 0 0 RESULTS 2B 6 5 0 0 0 0 0
250 70 RESULTS 0LEP 3 0 0 RESULTS 1LEP 94 68 104 3 0 231 3 1 RESULTS 2LEP 3 1 1 1 0 0 0 0 RESULTS 2B 15 5 2 0 0 0 0
275 1 RESULTS 0LEP 31 4 1 RESULTS 1LEP 408 468 876 19 2 1323 46 3 RESULTS 2LEP 18 4 8 4 2 0 1 0 RESULTS 2B 40 14 9 1 0 0 0
275 25 RESULTS 0LEP 17 3 1 RESULTS 1LEP 354 462 782 17 1 1164 37 10 RESULTS 2LEP 20 5 6 4 4 0 1 0 RESULTS 2B 51 21 12 2 0 0 0
275 50 RESULTS 0LEP 13 5 2 RESULTS 1LEP 378 366 582 7 3 939 18 2 RESULTS 2LEP 13 4 4 3 1 0 0 0 RESULTS 2B 31 12 8 2 0 0 0
275 75 RESULTS 0LEP 6 0 0 RESULTS 1LEP 296 226 308 2 0 586 12 1 RESULTS 2LEP 10 0 2 0 3 0 0 0 RESULTS 2B 15 9 5 1 0 0 0
300 1 RESULTS 0LEP 72 4 2 RESULTS 1LEP 346 442 1562 49 9 2119 118 13 RESULTS 2LEP 25 5 5 4 10 3 3 0 RESULTS 2B 79 22 21 3 0 0 0
300 100 RESULTS 0LEP 10 2 1 RESULTS 1LEP 340 262 512 5 3 817 15 1 RESULTS 2LEP 9 2 3 2 2 1 1 1 RESULTS 2B 21 9 3 0 0 0 0
300 120 RESULTS 0LEP 2 0 0 RESULTS 1LEP 116 106 204 2 0 414 5 0 RESULTS 2LEP 3 0 0 0 2 0 1 1 RESULTS 2B 14 7 4 2 0 0 0
300 35 RESULTS 0LEP 65 6 2 RESULTS 1LEP 400 496 1410 53 10 1972 85 17 RESULTS 2LEP 25 8 12 8 1 0 0 0 RESULTS 2B 73 15 19 5 2 0 0
300 50 RESULTS 0LEP 46 5 0 RESULTS 1LEP 376 396 1224 29 8 1710 57 8 RESULTS 2LEP 23 5 8 5 1 0 0 0 RESULTS 2B 65 20 18 4 2 1 1
300 60 RESULTS 0LEP 43 4 1 RESULTS 1LEP 404 462 1154 39 2 1599 42 4 RESULTS 2LEP 26 5 8 5 2 0 0 0 RESULTS 2B 46 23 8 2 0 0 0
300 75 RESULTS 0LEP 24 3 1 RESULTS 1LEP 340 462 882 25 3 1242 27 3 RESULTS 2LEP 28 6 8 6 5 3 2 1 RESULTS 2B 45 8 5 1 0 0 0
300 95 RESULTS 0LEP 8 0 0 RESULTS 1LEP 328 320 458 16 3 904 15 1 RESULTS 2LEP 12 1 2 0 1 1 0 0 RESULTS 2B 19 10 4 0 0 0 0
330 150 RESULTS 0LEP 5 0 0 RESULTS 1LEP 150 134 260 7 0 549 2 1 RESULTS 2LEP 6 1 2 1 1 1 0 0 RESULTS 2B 17 17 4 1 0 0 0
350 1 RESULTS 0LEP 311 42 14 RESULTS 1LEP 330 486 2834 278 91 3590 353 80 RESULTS 2LEP 50 18 34 25 11 4 4 4 RESULTS 2B 109 49 59 20 6 0 0
350 100 RESULTS 0LEP 151 13 3 RESULTS 1LEP 372 478 1874 105 19 2588 171 21 RESULTS 2LEP 40 18 22 13 7 2 3 3 RESULTS 2B 96 20 34 8 2 0 0
350 120 RESULTS 0LEP 85 9 6 RESULTS 1LEP 402 478 1376 57 10 1910 79 10 RESULTS 2LEP 44 21 24 19 4 2 2 2 RESULTS 2B 58 15 17 7 0 0 0
350 150 RESULTS 0LEP 20 5 1 RESULTS 1LEP 306 322 668 21 6 1061 27 2 RESULTS 2LEP 19 4 4 2 1 0 0 0 RESULTS 2B 35 15 5 0 0 0 0
350 170 RESULTS 0LEP 7 1 0 RESULTS 1LEP 176 118 288 4 0 568 6 1 RESULTS 2LEP 11 0 3 1 1 0 0 0 RESULTS 2B 11 11 1 1 1 0 0
350 35 RESULTS 0LEP 293 47 18 RESULTS 1LEP 338 474 2634 269 56 3499 336 72 RESULTS 2LEP 54 20 29 20 12 8 6 3 RESULTS 2B 136 47 72 34 11 1 0
350 50 RESULTS 0LEP 253 37 15 RESULTS 1LEP 332 412 2474 238 44 3321 275 49 RESULTS 2LEP 54 15 29 23 11 3 4 3 RESULTS 2B 122 46 56 20 4 2 0
350 60 RESULTS 0LEP 228 38 13 RESULTS 1LEP 302 492 2376 212 45 3201 271 57 RESULTS 2LEP 54 21 29 22 6 1 0 0 RESULTS 2B 120 37 45 16 3 1 0
350 75 RESULTS 0LEP 202 25 11 RESULTS 1LEP 350 496 2182 157 26 2943 222 41 RESULTS 2LEP 47 19 25 21 8 3 4 2 RESULTS 2B 119 26 52 17 4 0 0
350 95 RESULTS 0LEP 132 22 5 RESULTS 1LEP 348 484 2050 130 17 2612 175 14 RESULTS 2LEP 39 14 22 11 10 6 6 1 RESULTS 2B 99 31 37 13 2 0 0
400 1 RESULTS 0LEP 709 276 110 RESULTS 1LEP 236 364 3572 511 235 4799 640 189 RESULTS 2LEP 80 34 52 45 12 6 4 3 RESULTS 2B 155 91 77 43 16 3 0
400 100 RESULTS 0LEP 482 119 40 RESULTS 1LEP 280 462 3124 378 125 4147 497 125 RESULTS 2LEP 67 29 44 29 10 6 7 4 RESULTS 2B 134 64 64 33 6 1 0
400 150 RESULTS 0LEP 219 31 11 RESULTS 1LEP 354 486 2236 178 46 3124 232 50 RESULTS 2LEP 52 26 32 26 4 2 1 0 RESULTS 2B 101 42 41 11 1 0 0
400 195 RESULTS 0LEP 45 4 2 RESULTS 1LEP 356 396 1004 32 9 1573 43 11 RESULTS 2LEP 22 7 9 5 5 4 3 1 RESULTS 2B 48 21 10 1 0 0 0
400 200 RESULTS 0LEP 33 6 2 RESULTS 1LEP 304 360 938 25 8 1422 33 8 RESULTS 2LEP 17 4 5 4 3 2 0 0 RESULTS 2B 48 14 15 3 1 0 0
400 220 RESULTS 0LEP 10 1 1 RESULTS 1LEP 152 168 374 9 5 752 9 1 RESULTS 2LEP 7 3 0 0 3 0 1 0 RESULTS 2B 13 9 3 1 1 1 0
400 35 RESULTS 0LEP 625 234 84 RESULTS 1LEP 264 434 3688 570 251 4782 620 197 RESULTS 2LEP 80 38 50 39 12 5 5 2 RESULTS 2B 143 85 84 51 19 3 0
400 50 RESULTS 0LEP 649 207 67 RESULTS 1LEP 234 418 3626 555 244 4681 645 173 RESULTS 2LEP 82 22 48 34 13 5 8 6 RESULTS 2B 164 80 98 50 14 5 0
400 60 RESULTS 0LEP 606 205 79 RESULTS 1LEP 284 358 3476 496 223 4499 643 167 RESULTS 2LEP 79 35 48 41 9 3 6 5 RESULTS 2B 150 71 81 40 14 2 0
400 75 RESULTS 0LEP 589 172 65 RESULTS 1LEP 290 390 3410 452 176 4361 531 137 RESULTS 2LEP 79 33 45 43 11 5 7 5 RESULTS 2B 155 69 75 37 9 3 0
400 95 RESULTS 0LEP 457 121 44 RESULTS 1LEP 260 434 3260 399 153 4043 446 114 RESULTS 2LEP 56 22 35 26 7 2 2 1 RESULTS 2B 131 61 69 26 6 1 1
450 1 RESULTS 0LEP 1001 567 329 RESULTS 1LEP 188 312 4570 868 537 5854 1038 383 RESULTS 2LEP 82 45 62 54 14 9 10 8 RESULTS 2B 178 153 118 76 36 14 5
450 100 RESULTS 0LEP 907 436 217 RESULTS 1LEP 254 334 4212 763 388 5376 814 295 RESULTS 2LEP 100 49 61 53 8 2 2 1 RESULTS 2B 169 101 102 56 25 6 2
450 150 RESULTS 0LEP 607 222 85 RESULTS 1LEP 228 414 3598 524 209 4601 603 178 RESULTS 2LEP 80 38 56 46 7 4 5 4 RESULTS 2B 142 91 78 41 15 2 0
450 200 RESULTS 0LEP 303 53 24 RESULTS 1LEP 326 440 2682 273 88 3516 269 53 RESULTS 2LEP 55 25 31 25 4 1 1 0 RESULTS 2B 106 47 52 16 4 1 1
450 220 RESULTS 0LEP 176 38 11 RESULTS 1LEP 336 492 2010 137 27 2800 175 29 RESULTS 2LEP 51 17 28 24 10 6 5 2 RESULTS 2B 100 37 35 12 1 1 1
450 250 RESULTS 0LEP 50 13 9 RESULTS 1LEP 386 392 1088 34 9 1664 41 10 RESULTS 2LEP 21 7 7 3 6 1 1 0 RESULTS 2B 43 24 9 2 0 0 0
450 270 RESULTS 0LEP 8 2 0 RESULTS 1LEP 184 216 544 12 2 945 18 3 RESULTS 2LEP 9 1 2 1 1 0 0 0 RESULTS 2B 13 5 2 1 1 1 0
450 50 RESULTS 0LEP 1005 550 298 RESULTS 1LEP 180 310 4362 877 499 5701 1005 383 RESULTS 2LEP 118 63 81 73 18 12 11 9 RESULTS 2B 174 152 117 74 36 16 4
500 1 RESULTS 0LEP 1359 912 655 RESULTS 1LEP 128 266 4808 1096 793 6455 1337 602 RESULTS 2LEP 127 72 95 85 14 10 13 9 RESULTS 2B 208 222 144 104 59 28 10
500 100 RESULTS 0LEP 1254 798 517 RESULTS 1LEP 194 304 4928 1077 691 6380 1234 470 RESULTS 2LEP 114 72 85 79 16 12 12 10 RESULTS 2B 200 142 135 97 60 25 4
500 150 RESULTS 0LEP 1067 602 362 RESULTS 1LEP 214 296 4640 896 568 5953 1019 360 RESULTS 2LEP 112 59 85 73 14 8 8 4 RESULTS 2B 186 149 117 76 41 17 3
500 200 RESULTS 0LEP 759 331 140 RESULTS 1LEP 246 378 3996 660 332 5094 739 228 RESULTS 2LEP 83 35 48 43 7 4 4 2 RESULTS 2B 178 103 107 47 12 4 0
500 245 RESULTS 0LEP 413 121 43 RESULTS 1LEP 280 442 3108 337 115 3989 405 83 RESULTS 2LEP 46 23 28 20 6 4 2 2 RESULTS 2B 126 60 52 19 5 2 0
500 250 RESULTS 0LEP 395 100 36 RESULTS 1LEP 282 404 2840 315 104 3853 403 90 RESULTS 2LEP 60 23 34 27 11 4 6 4 RESULTS 2B 128 58 58 25 10 4 1
500 300 RESULTS 0LEP 56 10 5 RESULTS 1LEP 346 370 1258 56 18 1886 63 4 RESULTS 2LEP 23 3 10 5 2 1 1 0 RESULTS 2B 55 22 15 1 0 0 0
500 320 RESULTS 0LEP 15 1 1 RESULTS 1LEP 194 206 598 11 2 1004 12 3 RESULTS 2LEP 10 3 1 1 8 2 3 2 RESULTS 2B 16 8 2 0 0 0 0
500 35 RESULTS 0LEP 1420 968 685 RESULTS 1LEP 146 236 4922 1138 803 6458 1337 583 RESULTS 2LEP 123 64 87 79 17 10 11 5 RESULTS 2B 201 163 133 100 62 31 9
500 50 RESULTS 0LEP 1383 944 655 RESULTS 1LEP 184 298 4928 1135 772 6453 1391 610 RESULTS 2LEP 117 69 90 76 19 14 14 13 RESULTS 2B 200 182 126 86 39 22 11
500 60 RESULTS 0LEP 1369 894 609 RESULTS 1LEP 170 338 4794 1107 764 6399 1325 595 RESULTS 2LEP 119 71 91 79 19 12 11 11 RESULTS 2B 210 192 140 88 54 26 11
500 75 RESULTS 0LEP 1342 898 613 RESULTS 1LEP 152 286 4730 1104 744 6254 1235 529 RESULTS 2LEP 115 62 87 75 26 17 14 14 RESULTS 2B 217 181 144 101 56 26 9
500 95 RESULTS 0LEP 1298 804 536 RESULTS 1LEP 142 314 4724 1032 679 6191 1269 516 RESULTS 2LEP 120 68 80 74 16 7 6 6 RESULTS 2B 175 158 113 77 46 15 8
550 1 RESULTS 0LEP 1584 1190 911 RESULTS 1LEP 128 214 5418 1382 1040 7244 1664 848 RESULTS 2LEP 138 77 108 93 17 9 11 9 RESULTS 2B 246 216 177 136 95 62 39
550 100 RESULTS 0LEP 1613 1186 906 RESULTS 1LEP 144 230 5120 1278 968 6817 1620 734 RESULTS 2LEP 118 65 94 81 24 16 15 14 RESULTS 2B 231 211 167 132 89 54 26
550 150 RESULTS 0LEP 1379 966 711 RESULTS 1LEP 120 210 5060 1171 791 6717 1406 645 RESULTS 2LEP 122 63 82 75 21 12 11 9 RESULTS 2B 220 189 153 113 69 38 17
550 200 RESULTS 0LEP 1225 769 500 RESULTS 1LEP 184 286 4656 1006 627 6192 1250 492 RESULTS 2LEP 88 51 66 54 21 13 15 13 RESULTS 2B 184 165 129 74 42 20 10
550 250 RESULTS 0LEP 910 440 209 RESULTS 1LEP 194 318 4144 731 389 5467 836 272 RESULTS 2LEP 106 53 69 57 13 6 6 4 RESULTS 2B 182 103 120 64 25 9 3
550 270 RESULTS 0LEP 708 302 123 RESULTS 1LEP 270 336 3852 631 322 5013 663 196 RESULTS 2LEP 86 38 54 45 11 4 3 3 RESULTS 2B 157 98 84 40 18 5 2
550 300 RESULTS 0LEP 454 134 53 RESULTS 1LEP 262 418 3144 386 136 4149 446 107 RESULTS 2LEP 67 33 40 33 7 5 6 5 RESULTS 2B 117 83 47 19 3 0 0
550 350 RESULTS 0LEP 84 24 11 RESULTS 1LEP 334 370 1444 51 16 2023 55 12 RESULTS 2LEP 24 6 9 4 3 1 0 0 RESULTS 2B 41 26 8 0 0 0 0
550 370 RESULTS 0LEP 25 7 3 RESULTS 1LEP 222 166 624 8 3 1193 20 2 RESULTS 2LEP 9 3 2 1 0 0 0 0 RESULTS 2B 20 11 2 1 0 0 0
550 50 RESULTS 0LEP 1640 1193 923 RESULTS 1LEP 138 224 5206 1363 1031 7099 1672 811 RESULTS 2LEP 133 85 113 102 20 16 15 15 RESULTS 2B 216 247 176 134 89 56 26
600 1 RESULTS 0LEP 1898 1510 1238 RESULTS 1LEP 78 204 5522 1561 1247 7794 2029 1055 RESULTS 2LEP 171 98 130 122 33 24 27 23 RESULTS 2B 210 256 168 139 104 68 44
600 100 RESULTS 0LEP 1887 1484 1192 RESULTS 1LEP 88 198 5292 1421 1152 7407 1848 980 RESULTS 2LEP 171 97 133 119 22 15 17 16 RESULTS 2B 229 259 166 128 92 61 36
600 140 RESULTS 0LEP 1805 1413 1087 RESULTS 1LEP 106 176 5492 1409 1076 7566 1937 999 RESULTS 2LEP 156 90 126 118 32 23 19 16 RESULTS 2B 248 215 174 132 85 56 29
600 150 RESULTS 0LEP 1644 1239 979 RESULTS 1LEP 132 218 5446 1446 1127 7402 1797 892 RESULTS 2LEP 148 90 114 106 18 13 11 7 RESULTS 2B 232 211 168 123 85 53 27
600 200 RESULTS 0LEP 1495 1074 781 RESULTS 1LEP 154 214 5142 1300 945 6891 1618 783 RESULTS 2LEP 130 69 91 85 22 9 14 11 RESULTS 2B 211 193 160 120 77 39 18
600 250 RESULTS 0LEP 1307 880 602 RESULTS 1LEP 140 274 5042 1151 752 6417 1210 538 RESULTS 2LEP 129 69 93 85 17 7 9 8 RESULTS 2B 215 218 136 80 47 27 11
600 295 RESULTS 0LEP 991 553 317 RESULTS 1LEP 210 318 4266 875 518 5664 1002 351 RESULTS 2LEP 100 57 69 56 17 16 13 12 RESULTS 2B 172 152 101 58 21 11 3
600 300 RESULTS 0LEP 969 531 280 RESULTS 1LEP 240 354 4236 796 454 5646 886 282 RESULTS 2LEP 97 53 68 56 15 11 12 10 RESULTS 2B 183 155 120 66 34 12 3
600 35 RESULTS 0LEP 1878 1510 1228 RESULTS 1LEP 88 190 5718 1586 1286 7769 1969 1080 RESULTS 2LEP 164 99 131 122 25 19 20 19 RESULTS 2B 226 227 169 138 105 68 37
600 350 RESULTS 0LEP 553 197 99 RESULTS 1LEP 256 370 3388 448 182 4344 458 109 RESULTS 2LEP 72 32 49 37 9 5 5 3 RESULTS 2B 131 72 68 33 14 1 0
600 400 RESULTS 0LEP 98 25 11 RESULTS 1LEP 350 406 1416 60 24 2197 73 15 RESULTS 2LEP 33 9 14 11 4 3 3 2 RESULTS 2B 49 29 11 1 0 0 0
600 420 RESULTS 0LEP 25 7 5 RESULTS 1LEP 208 176 696 17 3 1302 13 6 RESULTS 2LEP 20 6 7 4 3 2 1 0 RESULTS 2B 19 16 4 1 0 0 0
600 50 RESULTS 0LEP 1852 1443 1170 RESULTS 1LEP 98 200 5456 1487 1178 7549 1964 1041 RESULTS 2LEP 168 96 129 122 27 19 21 18 RESULTS 2B 244 252 197 154 110 74 41
600 60 RESULTS 0LEP 1885 1504 1209 RESULTS 1LEP 102 164 5364 1471 1187 7610 1923 1049 RESULTS 2LEP 179 111 139 131 25 18 18 18 RESULTS 2B 230 265 184 144 103 69 44
600 75 RESULTS 0LEP 1860 1491 1256 RESULTS 1LEP 88 190 5666 1530 1208 7621 1997 1068 RESULTS 2LEP 159 103 125 111 21 16 18 16 RESULTS 2B 220 278 167 135 100 66 37
600 95 RESULTS 0LEP 1729 1389 1140 RESULTS 1LEP 88 212 5436 1464 1132 7402 1897 976 RESULTS 2LEP 153 99 121 108 23 19 20 18 RESULTS 2B 223 260 160 138 104 73 45
650 1 RESULTS 0LEP 2034 1721 1495 RESULTS 1LEP 72 148 5820 1718 1452 8168 2241 1261 RESULTS 2LEP 161 90 124 113 36 28 27 26 RESULTS 2B 266 327 223 194 158 118 77
650 100 RESULTS 0LEP 1965 1622 1373 RESULTS 1LEP 82 162 5772 1713 1428 8003 2186 1260 RESULTS 2LEP 178 113 148 137 38 24 25 20 RESULTS 2B 250 297 206 183 140 106 72
650 150 RESULTS 0LEP 1895 1543 1307 RESULTS 1LEP 92 164 5640 1639 1329 7905 2122 1127 RESULTS 2LEP 154 100 124 115 23 14 15 15 RESULTS 2B 240 271 188 160 123 87 62
650 200 RESULTS 0LEP 1797 1377 1145 RESULTS 1LEP 106 188 5744 1596 1287 7699 1919 948 RESULTS 2LEP 156 90 126 113 19 16 14 13 RESULTS 2B 205 246 163 130 96 61 29
650 250 RESULTS 0LEP 1668 1234 989 RESULTS 1LEP 106 206 5346 1377 1036 7284 1710 840 RESULTS 2LEP 140 83 104 89 22 17 18 13 RESULTS 2B 232 195 175 131 93 49 20
650 300 RESULTS 0LEP 1491 1044 741 RESULTS 1LEP 162 260 5182 1254 840 6865 1407 588 RESULTS 2LEP 114 59 87 81 30 17 18 18 RESULTS 2B 215 217 165 116 74 48 24
650 320 RESULTS 0LEP 1284 845 548 RESULTS 1LEP 152 258 4804 1102 738 6333 1196 504 RESULTS 2LEP 117 60 87 76 22 12 17 13 RESULTS 2B 198 186 129 91 48 22 6
650 350 RESULTS 0LEP 1031 575 326 RESULTS 1LEP 180 304 4434 882 549 5845 1006 381 RESULTS 2LEP 98 42 68 61 15 9 13 9 RESULTS 2B 188 145 124 82 37 9 2
650 400 RESULTS 0LEP 551 209 103 RESULTS 1LEP 288 408 3360 442 184 4562 516 142 RESULTS 2LEP 74 30 47 37 11 5 5 3 RESULTS 2B 154 79 74 43 15 3 2
650 450 RESULTS 0LEP 97 26 18 RESULTS 1LEP 382 414 1504 66 25 2321 102 23 RESULTS 2LEP 40 15 21 13 7 2 1 1 RESULTS 2B 60 31 23 4 2 1 0
650 470 RESULTS 0LEP 21 7 4 RESULTS 1LEP 256 264 740 29 8 1291 22 3 RESULTS 2LEP 12 6 4 2 0 0 0 0 RESULTS 2B 24 16 5 2 1 0 0
650 50 RESULTS 0LEP 2011 1646 1424 RESULTS 1LEP 82 142 5652 1683 1395 8148 2280 1305 RESULTS 2LEP 177 109 132 124 34 23 25 24 RESULTS 2B 243 288 208 170 136 97 76
700 1 RESULTS 0LEP 2138 1851 1607 RESULTS 1LEP 72 130 5708 1786 1530 8634 2561 1552 RESULTS 2LEP 199 128 172 159 29 21 22 17 RESULTS 2B 261 314 235 204 170 137 100
700 100 RESULTS 0LEP 2168 1860 1593 RESULTS 1LEP 68 128 5622 1672 1421 8426 2471 1483 RESULTS 2LEP 197 125 164 152 30 24 27 22 RESULTS 2B 255 333 219 183 136 107 79
700 150 RESULTS 0LEP 2165 1824 1612 RESULTS 1LEP 70 126 5810 1729 1479 8415 2444 1391 RESULTS 2LEP 184 121 153 140 29 23 24 24 RESULTS 2B 247 311 201 167 133 92 65
700 200 RESULTS 0LEP 2086 1717 1482 RESULTS 1LEP 80 182 5892 1752 1493 8332 2352 1301 RESULTS 2LEP 185 117 156 142 41 32 32 25 RESULTS 2B 259 242 209 183 143 107 67
700 250 RESULTS 0LEP 1894 1532 1270 RESULTS 1LEP 110 180 5650 1608 1308 7794 2038 1112 RESULTS 2LEP 184 113 147 135 34 25 24 20 RESULTS 2B 222 260 180 144 104 68 35
700 300 RESULTS 0LEP 1785 1384 1104 RESULTS 1LEP 130 228 5398 1399 1121 7391 1762 866 RESULTS 2LEP 174 118 137 125 31 21 20 20 RESULTS 2B 219 250 154 124 88 62 29
700 345 RESULTS 0LEP 1551 1115 828 RESULTS 1LEP 174 238 5086 1236 926 6893 1540 697 RESULTS 2LEP 148 88 112 105 17 15 15 12 RESULTS 2B 195 236 138 93 61 32 18
700 35 RESULTS 0LEP 2109 1832 1583 RESULTS 1LEP 50 114 5766 1764 1523 8619 2496 1507 RESULTS 2LEP 184 131 162 145 28 22 22 19 RESULTS 2B 270 318 231 190 162 135 96
700 350 RESULTS 0LEP 1495 1065 785 RESULTS 1LEP 154 274 5054 1221 869 6762 1421 631 RESULTS 2LEP 151 85 115 108 20 11 13 12 RESULTS 2B 187 190 116 85 54 20 11
700 400 RESULTS 0LEP 1093 665 404 RESULTS 1LEP 172 290 4690 968 590 5984 1085 374 RESULTS 2LEP 126 68 94 80 12 9 8 7 RESULTS 2B 203 178 137 83 37 9 1
700 450 RESULTS 0LEP 601 222 109 RESULTS 1LEP 306 384 3656 543 237 4617 541 148 RESULTS 2LEP 94 44 57 46 10 5 5 4 RESULTS 2B 151 70 82 33 11 4 2
700 50 RESULTS 0LEP 2067 1763 1529 RESULTS 1LEP 58 138 5980 1860 1564 8686 2523 1519 RESULTS 2LEP 194 124 156 150 37 32 33 28 RESULTS 2B 261 309 218 188 158 115 88
700 500 RESULTS 0LEP 110 36 19 RESULTS 1LEP 350 426 1636 86 26 2367 88 15 RESULTS 2LEP 26 10 17 9 4 2 2 1 RESULTS 2B 71 33 18 3 1 0 0
700 520 RESULTS 0LEP 27 13 10 RESULTS 1LEP 232 178 710 17 4 1380 26 4 RESULTS 2LEP 15 5 2 2 1 1 0 0 RESULTS 2B 20 17 4 2 1 1 0
700 60 RESULTS 0LEP 2130 1833 1626 RESULTS 1LEP 88 116 6026 1821 1549 8541 2437 1390 RESULTS 2LEP 167 108 141 132 33 26 24 22 RESULTS 2B 279 325 237 204 169 123 92
700 75 RESULTS 0LEP 2133 1814 1570 RESULTS 1LEP 74 140 5948 1830 1595 8552 2491 1468 RESULTS 2LEP 178 116 144 133 43 31 31 30 RESULTS 2B 293 311 251 211 168 137 97
700 95 RESULTS 0LEP 2090 1767 1546 RESULTS 1LEP 68 160 5824 1821 1541 8407 2463 1441 RESULTS 2LEP 202 136 169 163 39 30 32 25 RESULTS 2B 299 325 254 219 181 142 106
750 1 RESULTS 0LEP 2255 1985 1736 RESULTS 1LEP 52 96 5914 1898 1684 9139 2836 1784 RESULTS 2LEP 216 143 177 169 39 27 27 24 RESULTS 2B 273 349 232 200 157 126 99
750 100 RESULTS 0LEP 2177 1898 1687 RESULTS 1LEP 68 128 5870 1830 1633 8992 2796 1726 RESULTS 2LEP 233 163 194 180 32 25 23 21 RESULTS 2B 281 329 232 206 171 135 113
750 150 RESULTS 0LEP 2144 1854 1662 RESULTS 1LEP 70 146 5782 1779 1540 8802 2669 1600 RESULTS 2LEP 213 142 177 166 30 21 20 15 RESULTS 2B 276 362 243 208 174 133 101
750 200 RESULTS 0LEP 2119 1823 1600 RESULTS 1LEP 70 158 5934 1821 1553 8595 2539 1482 RESULTS 2LEP 232 157 195 186 48 37 37 34 RESULTS 2B 290 291 253 219 181 141 107
750 250 RESULTS 0LEP 2018 1704 1460 RESULTS 1LEP 66 154 6114 1806 1519 8414 2412 1393 RESULTS 2LEP 204 135 153 146 40 34 32 30 RESULTS 2B 257 327 215 178 135 95 62
750 300 RESULTS 0LEP 2008 1655 1375 RESULTS 1LEP 100 176 5596 1594 1295 8072 2203 1272 RESULTS 2LEP 195 103 141 129 24 18 15 9 RESULTS 2B 262 307 208 167 132 87 59
750 350 RESULTS 0LEP 1818 1440 1154 RESULTS 1LEP 106 198 5538 1491 1182 7656 1857 969 RESULTS 2LEP 170 102 130 117 29 19 20 15 RESULTS 2B 230 256 173 127 94 60 32
750 400 RESULTS 0LEP 1599 1203 907 RESULTS 1LEP 152 210 5266 1349 976 7043 1533 694 RESULTS 2LEP 130 76 99 85 21 16 15 11 RESULTS 2B 218 212 162 115 76 33 12
750 450 RESULTS 0LEP 1201 736 463 RESULTS 1LEP 176 322 4494 981 600 6124 1112 447 RESULTS 2LEP 94 56 72 66 21 13 13 9 RESULTS 2B 170 154 103 63 27 7 3
750 50 RESULTS 0LEP 2096 1812 1626 RESULTS 1LEP 62 110 6210 1989 1739 9121 2790 1741 RESULTS 2LEP 206 137 172 166 33 22 25 24 RESULTS 2B 275 327 236 204 163 135 103
750 500 RESULTS 0LEP 621 250 119 RESULTS 1LEP 256 416 3566 544 230 4813 596 129 RESULTS 2LEP 85 32 48 41 18 9 10 9 RESULTS 2B 133 75 62 30 9 2 1
750 550 RESULTS 0LEP 129 40 21 RESULTS 1LEP 318 404 1686 89 22 2480 101 8 RESULTS 2LEP 22 8 16 11 8 3 3 2 RESULTS 2B 60 24 19 3 1 0 0
750 570 RESULTS 0LEP 47 17 8 RESULTS 1LEP 242 274 784 21 14 1476 31 5 RESULTS 2LEP 17 5 3 0 3 2 0 0 RESULTS 2B 17 27 4 1 1 0 0
800 1 RESULTS 0LEP 2249 1999 1822 RESULTS 1LEP 26 106 5932 1930 1728 9335 3022 2020 RESULTS 2LEP 219 159 195 188 53 43 46 43 RESULTS 2B 315 377 277 242 216 186 152
800 100 RESULTS 0LEP 2202 1920 1757 RESULTS 1LEP 58 98 5972 1932 1734 9213 2913 1880 RESULTS 2LEP 202 129 167 157 44 32 27 27 RESULTS 2B 314 354 287 261 235 208 177
800 150 RESULTS 0LEP 2341 2068 1866 RESULTS 1LEP 50 102 5830 1830 1623 9098 2853 1836 RESULTS 2LEP 188 124 161 153 49 40 43 39 RESULTS 2B 346 362 298 268 220 180 143
800 200 RESULTS 0LEP 2247 1948 1748 RESULTS 1LEP 54 100 5932 1890 1633 8972 2779 1732 RESULTS 2LEP 219 152 185 175 45 37 40 37 RESULTS 2B 296 390 260 226 188 147 110
800 250 RESULTS 0LEP 2155 1840 1657 RESULTS 1LEP 66 114 5870 1815 1581 8757 2607 1609 RESULTS 2LEP 230 167 192 185 34 26 28 27 RESULTS 2B 292 320 244 202 166 133 94
800 300 RESULTS 0LEP 2150 1810 1583 RESULTS 1LEP 78 154 5940 1788 1553 8552 2492 1465 RESULTS 2LEP 223 159 187 173 25 19 22 22 RESULTS 2B 264 303 221 192 150 106 73
800 350 RESULTS 0LEP 2094 1692 1454 RESULTS 1LEP 90 164 5890 1694 1407 8264 2202 1200 RESULTS 2LEP 212 141 173 163 32 26 26 24 RESULTS 2B 257 275 212 170 120 88 54
800 400 RESULTS 0LEP 1846 1456 1204 RESULTS 1LEP 80 206 5624 1490 1180 7743 1998 1004 RESULTS 2LEP 165 94 133 126 31 20 23 22 RESULTS 2B 238 246 194 144 103 67 41
800 450 RESULTS 0LEP 1694 1270 958 RESULTS 1LEP 138 272 5296 1354 1000 7135 1587 748 RESULTS 2LEP 133 67 101 89 26 18 20 18 RESULTS 2B 208 233 158 113 69 39 24
800 50 RESULTS 0LEP 2171 1932 1758 RESULTS 1LEP 42 104 5964 1923 1705 9201 2975 1952 RESULTS 2LEP 235 146 188 179 46 38 37 33 RESULTS 2B 335 349 301 259 218 175 144
800 500 RESULTS 0LEP 1228 785 503 RESULTS 1LEP 192 298 4698 1022 673 6255 1145 442 RESULTS 2LEP 112 54 87 73 13 11 11 10 RESULTS 2B 184 195 121 74 37 18 8
800 550 RESULTS 0LEP 673 290 141 RESULTS 1LEP 278 360 3724 607 285 4994 613 164 RESULTS 2LEP 81 32 53 41 7 4 6 5 RESULTS 2B 163 92 87 41 16 2 1
800 600 RESULTS 0LEP 148 48 32 RESULTS 1LEP 350 432 1824 111 48 2638 102 14 RESULTS 2LEP 39 13 15 11 6 3 2 1 RESULTS 2B 64 34 27 8 1 1 0
800 620 RESULTS 0LEP 49 14 8 RESULTS 1LEP 232 236 792 28 15 1527 27 5 RESULTS 2LEP 15 7 4 3 0 0 0 0 RESULTS 2B 19 19 6 2 1 1 1
